f1-score: 0.0
mAP50: 0.23850757476421314
precision: 0.5710677868267421
recall: 0.5251470588235294
