f1-score: 0.0
mAP50: 0.3646279949670585
precision: 0.7876363479706854
recall: 0.6479673081818353
