f1-score: 0.0
mAP50: 0.12836621473367255
precision: 0.3953378132985325
recall: 0.39073529411764707
